           * c:\users\shanthipriya\esim-workspace\ved_mul\ved_mul.cir
           Transient Analysis  Sun Dec 01 09:39:48  2024
--------------------------------------------------------------------------------
Index   time            /a0             /a1             /a2             
--------------------------------------------------------------------------------
0	0.000000e+00	0.000000e+00	5.000000e+00	5.000000e+00	
1	1.766667e-10	0.000000e+00	5.000000e+00	5.000000e+00	
2	3.533333e-10	0.000000e+00	5.000000e+00	5.000000e+00	
3	7.066667e-10	0.000000e+00	5.000000e+00	5.000000e+00	
4	1.413333e-09	0.000000e+00	5.000000e+00	5.000000e+00	
5	2.826667e-09	0.000000e+00	5.000000e+00	5.000000e+00	
6	5.653333e-09	0.000000e+00	5.000000e+00	5.000000e+00	
7	1.130667e-08	0.000000e+00	5.000000e+00	5.000000e+00	

           * c:\users\shanthipriya\esim-workspace\ved_mul\ved_mul.cir
           Transient Analysis  Sun Dec 01 09:39:48  2024
--------------------------------------------------------------------------------
Index   time            /a3             /b0             /b1             
--------------------------------------------------------------------------------
0	0.000000e+00	0.000000e+00	5.000000e+00	0.000000e+00	
1	1.766667e-10	0.000000e+00	5.000000e+00	0.000000e+00	
2	3.533333e-10	0.000000e+00	5.000000e+00	0.000000e+00	
3	7.066667e-10	0.000000e+00	5.000000e+00	0.000000e+00	
4	1.413333e-09	0.000000e+00	5.000000e+00	0.000000e+00	
5	2.826667e-09	0.000000e+00	5.000000e+00	0.000000e+00	
6	5.653333e-09	0.000000e+00	5.000000e+00	0.000000e+00	
7	1.130667e-08	0.000000e+00	5.000000e+00	0.000000e+00	

           * c:\users\shanthipriya\esim-workspace\ved_mul\ved_mul.cir
           Transient Analysis  Sun Dec 01 09:39:48  2024
--------------------------------------------------------------------------------
Index   time            /b2             /b3             /m0             
--------------------------------------------------------------------------------
0	0.000000e+00	5.000000e+00	5.000000e+00	0.000000e+00	
1	1.766667e-10	5.000000e+00	5.000000e+00	0.000000e+00	
2	3.533333e-10	5.000000e+00	5.000000e+00	0.000000e+00	
3	7.066667e-10	5.000000e+00	5.000000e+00	0.000000e+00	
4	1.413333e-09	5.000000e+00	5.000000e+00	0.000000e+00	
5	2.826667e-09	5.000000e+00	5.000000e+00	0.000000e+00	
6	5.653333e-09	5.000000e+00	5.000000e+00	0.000000e+00	
7	1.130667e-08	5.000000e+00	5.000000e+00	0.000000e+00	

           * c:\users\shanthipriya\esim-workspace\ved_mul\ved_mul.cir
           Transient Analysis  Sun Dec 01 09:39:48  2024
--------------------------------------------------------------------------------
Index   time            /m1             /m2             /m3             
--------------------------------------------------------------------------------
0	0.000000e+00	0.000000e+00	0.000000e+00	0.000000e+00	
1	1.766667e-10	0.000000e+00	0.000000e+00	0.000000e+00	
2	3.533333e-10	0.000000e+00	0.000000e+00	0.000000e+00	
3	7.066667e-10	0.000000e+00	0.000000e+00	0.000000e+00	
4	1.413333e-09	0.000000e+00	0.000000e+00	0.000000e+00	
5	2.826667e-09	0.000000e+00	0.000000e+00	0.000000e+00	
6	5.653333e-09	0.000000e+00	0.000000e+00	0.000000e+00	
7	1.130667e-08	0.000000e+00	0.000000e+00	0.000000e+00	

           * c:\users\shanthipriya\esim-workspace\ved_mul\ved_mul.cir
           Transient Analysis  Sun Dec 01 09:39:48  2024
--------------------------------------------------------------------------------
Index   time            /m4             /m5             /m6             
--------------------------------------------------------------------------------
0	0.000000e+00	5.000000e-01	0.000000e+00	0.000000e+00	
1	1.766667e-10	5.000000e-01	0.000000e+00	0.000000e+00	
2	3.533333e-10	5.000000e-01	0.000000e+00	0.000000e+00	
3	7.066667e-10	5.000000e-01	0.000000e+00	0.000000e+00	
4	1.413333e-09	5.000000e-01	0.000000e+00	0.000000e+00	
5	2.826667e-09	5.000000e-01	0.000000e+00	0.000000e+00	
6	5.653333e-09	5.000000e-01	0.000000e+00	0.000000e+00	
7	1.130667e-08	5.000000e-01	0.000000e+00	0.000000e+00	

           * c:\users\shanthipriya\esim-workspace\ved_mul\ved_mul.cir
           Transient Analysis  Sun Dec 01 09:39:48  2024
--------------------------------------------------------------------------------
Index   time            /m7             ?               gnd             
--------------------------------------------------------------------------------
0	0.000000e+00	5.000000e-01	0.000000e+00	0.000000e+00	
1	1.766667e-10	5.000000e-01	0.000000e+00	0.000000e+00	
2	3.533333e-10	5.000000e-01	0.000000e+00	0.000000e+00	
3	7.066667e-10	5.000000e-01	0.000000e+00	0.000000e+00	
4	1.413333e-09	5.000000e-01	0.000000e+00	0.000000e+00	
5	2.826667e-09	5.000000e-01	0.000000e+00	0.000000e+00	
6	5.653333e-09	5.000000e-01	0.000000e+00	0.000000e+00	
7	1.130667e-08	5.000000e-01	0.000000e+00	0.000000e+00	

           * c:\users\shanthipriya\esim-workspace\ved_mul\ved_mul.cir
           Transient Analysis  Sun Dec 01 09:39:48  2024
--------------------------------------------------------------------------------
Index   time            net-_r3-pad1_   
--------------------------------------------------------------------------------
0	0.000000e+00	5.000000e-01	
1	1.766667e-10	5.000000e-01	
2	3.533333e-10	5.000000e-01	
3	7.066667e-10	5.000000e-01	
4	1.413333e-09	5.000000e-01	
5	2.826667e-09	5.000000e-01	
6	5.653333e-09	5.000000e-01	
7	1.130667e-08	5.000000e-01	
