           * c:\users\shanthipriya\esim-workspace\ved_mul\ved_mul.cir
           Transient Analysis  Sun Dec 01 09:39:48  2024
--------------------------------------------------------------------------------
Index   time            a1#branch_1_0   a1#branch_1_1   a1#branch_1_2   
--------------------------------------------------------------------------------
0	0.000000e+00	-5.00000e-04	-5.00000e-04	0.000000e+00	
1	1.766667e-10	-5.00000e-04	-5.00000e-04	0.000000e+00	
2	3.533333e-10	-5.00000e-04	-5.00000e-04	0.000000e+00	
3	7.066667e-10	-5.00000e-04	-5.00000e-04	0.000000e+00	
4	1.413333e-09	-5.00000e-04	-5.00000e-04	0.000000e+00	
5	2.826667e-09	-5.00000e-04	-5.00000e-04	0.000000e+00	
6	5.653333e-09	-5.00000e-04	-5.00000e-04	0.000000e+00	
7	1.130667e-08	-5.00000e-04	-5.00000e-04	0.000000e+00	

           * c:\users\shanthipriya\esim-workspace\ved_mul\ved_mul.cir
           Transient Analysis  Sun Dec 01 09:39:48  2024
--------------------------------------------------------------------------------
Index   time            a2#branch_1_0   a2#branch_1_1   a3#branch_1_0   
--------------------------------------------------------------------------------
0	0.000000e+00	-5.00000e-04	0.000000e+00	0.000000e+00	
1	1.766667e-10	-5.00000e-04	0.000000e+00	0.000000e+00	
2	3.533333e-10	-5.00000e-04	0.000000e+00	0.000000e+00	
3	7.066667e-10	-5.00000e-04	0.000000e+00	0.000000e+00	
4	1.413333e-09	-5.00000e-04	0.000000e+00	0.000000e+00	
5	2.826667e-09	-5.00000e-04	0.000000e+00	0.000000e+00	
6	5.653333e-09	-5.00000e-04	0.000000e+00	0.000000e+00	
7	1.130667e-08	-5.00000e-04	0.000000e+00	0.000000e+00	

           * c:\users\shanthipriya\esim-workspace\ved_mul\ved_mul.cir
           Transient Analysis  Sun Dec 01 09:39:48  2024
--------------------------------------------------------------------------------
Index   time            a3#branch_1_1   a5#branch_1_0   a5#branch_1_1   
--------------------------------------------------------------------------------
0	0.000000e+00	0.000000e+00	0.000000e+00	0.000000e+00	
1	1.766667e-10	0.000000e+00	0.000000e+00	0.000000e+00	
2	3.533333e-10	0.000000e+00	0.000000e+00	0.000000e+00	
3	7.066667e-10	0.000000e+00	0.000000e+00	0.000000e+00	
4	1.413333e-09	0.000000e+00	0.000000e+00	0.000000e+00	
5	2.826667e-09	0.000000e+00	0.000000e+00	0.000000e+00	
6	5.653333e-09	0.000000e+00	0.000000e+00	0.000000e+00	
7	1.130667e-08	0.000000e+00	0.000000e+00	0.000000e+00	

           * c:\users\shanthipriya\esim-workspace\ved_mul\ved_mul.cir
           Transient Analysis  Sun Dec 01 09:39:48  2024
--------------------------------------------------------------------------------
Index   time            v1#branch       v2#branch       v3#branch       
--------------------------------------------------------------------------------
0	0.000000e+00	0.000000e+00	0.000000e+00	0.000000e+00	
1	1.766667e-10	0.000000e+00	0.000000e+00	0.000000e+00	
2	3.533333e-10	0.000000e+00	0.000000e+00	0.000000e+00	
3	7.066667e-10	0.000000e+00	0.000000e+00	0.000000e+00	
4	1.413333e-09	0.000000e+00	0.000000e+00	0.000000e+00	
5	2.826667e-09	0.000000e+00	0.000000e+00	0.000000e+00	
6	5.653333e-09	0.000000e+00	0.000000e+00	0.000000e+00	
7	1.130667e-08	0.000000e+00	0.000000e+00	0.000000e+00	

           * c:\users\shanthipriya\esim-workspace\ved_mul\ved_mul.cir
           Transient Analysis  Sun Dec 01 09:39:48  2024
--------------------------------------------------------------------------------
Index   time            v4#branch       v5#branch       v6#branch       
--------------------------------------------------------------------------------
0	0.000000e+00	0.000000e+00	0.000000e+00	0.000000e+00	
1	1.766667e-10	0.000000e+00	0.000000e+00	0.000000e+00	
2	3.533333e-10	0.000000e+00	0.000000e+00	0.000000e+00	
3	7.066667e-10	0.000000e+00	0.000000e+00	0.000000e+00	
4	1.413333e-09	0.000000e+00	0.000000e+00	0.000000e+00	
5	2.826667e-09	0.000000e+00	0.000000e+00	0.000000e+00	
6	5.653333e-09	0.000000e+00	0.000000e+00	0.000000e+00	
7	1.130667e-08	0.000000e+00	0.000000e+00	0.000000e+00	

           * c:\users\shanthipriya\esim-workspace\ved_mul\ved_mul.cir
           Transient Analysis  Sun Dec 01 09:39:48  2024
--------------------------------------------------------------------------------
Index   time            v7#branch       v8#branch       
--------------------------------------------------------------------------------
0	0.000000e+00	0.000000e+00	0.000000e+00	
1	1.766667e-10	0.000000e+00	0.000000e+00	
2	3.533333e-10	0.000000e+00	0.000000e+00	
3	7.066667e-10	0.000000e+00	0.000000e+00	
4	1.413333e-09	0.000000e+00	0.000000e+00	
5	2.826667e-09	0.000000e+00	0.000000e+00	
6	5.653333e-09	0.000000e+00	0.000000e+00	
7	1.130667e-08	0.000000e+00	0.000000e+00	
